0 0.666016 0.725694 0.032031 0.048611
0 0.701953 0.765278 0.038281 0.052778
0 0.726172 0.707639 0.060156 0.065278
0 0.625000 0.545139 0.054688 0.051389
0 0.524219 0.484722 0.053125 0.055556
0 0.469922 0.493056 0.036719 0.050000
0 0.503906 0.536111 0.034375 0.036111
0 0.364844 0.236806 0.056250 0.062500
0 0.398047 0.155556 0.046094 0.061111
0 0.381641 0.102778 0.044531 0.058333
0 0.246875 0.025000 0.053125 0.044444
0 0.225391 0.158333 0.049219 0.055556
0 0.251953 0.210417 0.060156 0.056944
0 0.978906 0.065972 0.042188 0.065278
