0 0.389453 0.027778 0.052344 0.052778
0 0.337500 0.176389 0.064062 0.058333
0 0.413672 0.129167 0.055469 0.055556
0 0.431641 0.534722 0.052344 0.069444
0 0.462500 0.486111 0.068750 0.055556
0 0.596875 0.421528 0.056250 0.054167
0 0.383984 0.589583 0.041406 0.048611
0 0.258984 0.709028 0.042969 0.045833
0 0.296484 0.747917 0.061719 0.048611
0 0.785937 0.928472 0.048437 0.048611
0 0.917578 0.850000 0.053906 0.061111
0 0.832031 0.657639 0.048437 0.048611
0 0.787109 0.583333 0.047656 0.047222
0 0.700781 0.554167 0.054688 0.047222
0 0.648828 0.577778 0.050781 0.050000
0 0.729297 0.432639 0.064844 0.073611
0 0.457812 0.601389 0.046875 0.052778
