0 0.049609 0.254861 0.039844 0.048611
0 0.096875 0.200000 0.051562 0.063889
0 0.125000 0.265278 0.050000 0.061111
0 0.129688 0.150694 0.075000 0.056944
0 0.265234 0.090278 0.053906 0.055556
0 0.397266 0.100694 0.064844 0.070833
0 0.316016 0.244444 0.044531 0.055556
0 0.367188 0.222222 0.053125 0.047222
0 0.454688 0.248611 0.051562 0.047222
0 0.500000 0.324306 0.048437 0.048611
0 0.747266 0.151389 0.052344 0.069444
0 0.773438 0.243056 0.050000 0.058333
0 0.587891 0.518056 0.053906 0.063889
0 0.455859 0.592361 0.049219 0.048611
