0 0.050391 0.769444 0.041406 0.041667
0 0.064453 0.821528 0.044531 0.054167
0 0.033594 0.902778 0.054688 0.063889
0 0.499219 0.625000 0.043750 0.050000
0 0.511328 0.679167 0.042969 0.055556
0 0.588672 0.518750 0.066406 0.043056
0 0.540234 0.128472 0.061719 0.051389
0 0.446875 0.046528 0.039062 0.068056
0 0.297656 0.050000 0.046875 0.050000
0 0.161328 0.227083 0.047656 0.051389
0 0.715625 0.565278 0.045313 0.044444
0 0.728516 0.616667 0.042969 0.050000
0 0.895312 0.470139 0.050000 0.045833
0 0.979297 0.597222 0.041406 0.041667
0 0.662500 0.727778 0.064062 0.058333
