0 0.108594 0.179861 0.051562 0.076389
0 0.166797 0.166667 0.052344 0.061111
0 0.133594 0.088889 0.054688 0.061111
0 0.041016 0.668056 0.052344 0.047222
0 0.136719 0.713889 0.042188 0.058333
0 0.120703 0.795833 0.041406 0.061111
0 0.043359 0.819444 0.086719 0.055556
0 0.381641 0.725694 0.064844 0.048611
0 0.441406 0.440972 0.053125 0.073611
0 0.469141 0.348611 0.053906 0.063889
0 0.502344 0.435417 0.056250 0.065278
0 0.622266 0.811111 0.041406 0.058333
0 0.607422 0.886111 0.041406 0.050000
0 0.658203 0.949306 0.072656 0.059722
0 0.731250 0.940278 0.043750 0.072222
0 0.764453 0.644444 0.053906 0.069444
0 0.821484 0.625000 0.064844 0.061111
0 0.868750 0.706944 0.042188 0.063889
