0 0.050391 0.769444 0.0001 0.0001
0 0.064453 0.821528 0.0001 0.0001
0 0.033594 0.902778 0.0001 0.0001
0 0.499219 0.625 0.0001 0.0001
0 0.511328 0.679167 0.0001 0.0001
0 0.588672 0.51875 0.0001 0.0001
0 0.540234 0.128472 0.0001 0.0001
0 0.446875 0.046528 0.0001 0.0001
0 0.297656 0.05 0.0001 0.0001
0 0.161328 0.227083 0.0001 0.0001
0 0.715625 0.565278 0.0001 0.0001
0 0.728516 0.616667 0.0001 0.0001
0 0.895312 0.470139 0.0001 0.0001
0 0.979297 0.597222 0.0001 0.0001
0 0.6625 0.727778 0.0001 0.0001
