0 0.746484 0.484028 0.0001 0.0001
0 0.773438 0.572917 0.0001 0.0001
0 0.498437 0.654861 0.0001 0.0001
0 0.455859 0.580556 0.0001 0.0001
0 0.395703 0.434722 0.0001 0.0001
0 0.367188 0.554167 0.0001 0.0001
0 0.314063 0.577778 0.0001 0.0001
0 0.453516 0.927083 0.0001 0.0001
0 0.585547 0.847222 0.0001 0.0001
0 0.265625 0.420139 0.0001 0.0001
0 0.132031 0.486806 0.0001 0.0001
0 0.1 0.532639 0.0001 0.0001
0 0.124219 0.597917 0.0001 0.0001
0 0.05 0.589583 0.0001 0.0001
0 0.01875 0.173611 0.0001 0.0001
0 0.082422 0.133333 0.0001 0.0001
