0 0.100000 0.125694 0.048437 0.056944
0 0.389844 0.353472 0.048437 0.054167
0 0.412500 0.465278 0.054688 0.058333
0 0.337891 0.509722 0.066406 0.061111
0 0.464453 0.817361 0.064844 0.059722
0 0.432422 0.866667 0.047656 0.061111
0 0.383203 0.920833 0.041406 0.047222
0 0.648438 0.908333 0.045313 0.052778
0 0.700000 0.888889 0.051562 0.052778
0 0.786719 0.913889 0.046875 0.044444
0 0.832031 0.982639 0.050000 0.031944
0 0.729688 0.765972 0.065625 0.076389
0 0.598437 0.754861 0.051562 0.054167
0 0.460156 0.942361 0.043750 0.059722
