0 0.153125 0.849306 0.032812 0.040278
0 0.204297 0.971528 0.053906 0.051389
0 0.225781 0.889583 0.045313 0.056944
0 0.469531 0.838194 0.043750 0.056944
0 0.520703 0.874306 0.055469 0.051389
0 0.379687 0.408333 0.045313 0.055556
0 0.450391 0.463194 0.055469 0.090278
0 0.836719 0.699306 0.048437 0.051389
0 0.880859 0.655556 0.042969 0.066667
0 0.861328 0.186806 0.049219 0.054167
0 0.823438 0.129861 0.040625 0.054167
0 0.863672 0.089583 0.042969 0.045833
0 0.906250 0.138194 0.040625 0.065278
0 0.818750 0.077778 0.043750 0.044444
