0 0.048828 0.668750 0.049219 0.048611
0 0.012500 0.759028 0.025000 0.062500
0 0.085156 0.814583 0.051562 0.054167
0 0.119141 0.748611 0.042969 0.069444
0 0.552344 0.718750 0.042188 0.076389
0 0.615234 0.920139 0.049219 0.065278
0 0.637500 0.845833 0.057813 0.058333
0 0.859375 0.747917 0.060938 0.037500
0 0.912891 0.771528 0.039844 0.040278
0 0.920703 0.702083 0.053906 0.070833
0 0.893359 0.648611 0.041406 0.047222
0 0.963672 0.629861 0.047656 0.054167
0 0.790625 0.433333 0.051562 0.061111
0 0.712500 0.418750 0.054688 0.076389
0 0.589063 0.517361 0.040625 0.056944
