0 0.370703 0.936111 0.053906 0.061111
0 0.280469 0.578472 0.050000 0.059722
0 0.200000 0.047222 0.050000 0.058333
0 0.460547 0.368750 0.053906 0.056944
0 0.468750 0.300694 0.060938 0.068056
0 0.556250 0.180556 0.035937 0.052778
0 0.664453 0.094444 0.072656 0.075000
0 0.748828 0.095833 0.063281 0.072222
0 0.728516 0.172222 0.069531 0.069444
0 0.737109 0.661111 0.058594 0.061111
0 0.729297 0.730556 0.044531 0.061111
0 0.600391 0.915278 0.044531 0.044444
0 0.751172 0.818750 0.039844 0.043056
0 0.599609 0.964583 0.039844 0.043056
