0 0.049219 0.338194 0.043750 0.043056
0 0.011328 0.422917 0.022656 0.059722
0 0.079297 0.480556 0.055469 0.061111
0 0.120312 0.416667 0.046875 0.094444
0 0.551953 0.384028 0.042969 0.093056
0 0.615234 0.587500 0.047656 0.069444
0 0.638281 0.513194 0.054688 0.054167
0 0.588672 0.181944 0.047656 0.063889
0 0.709375 0.081944 0.056250 0.077778
0 0.792188 0.100000 0.046875 0.069444
0 0.892969 0.313889 0.037500 0.047222
0 0.963281 0.296528 0.048437 0.059722
0 0.920313 0.366667 0.048437 0.066667
0 0.913672 0.437500 0.041406 0.044444
0 0.860156 0.418750 0.059375 0.048611
0 0.114453 0.875000 0.038281 0.052778
0 0.172266 0.895139 0.047656 0.054167
0 0.156641 0.801389 0.044531 0.050000
