0 0.746484 0.484028 0.046094 0.054167
0 0.773438 0.572917 0.048437 0.056944
0 0.498437 0.654861 0.053125 0.048611
0 0.455859 0.580556 0.046094 0.052778
0 0.395703 0.434722 0.067969 0.075000
0 0.367188 0.554167 0.054688 0.047222
0 0.314063 0.577778 0.048437 0.050000
0 0.453516 0.927083 0.042969 0.051389
0 0.585547 0.847222 0.060156 0.055556
0 0.265625 0.420139 0.053125 0.051389
0 0.132031 0.486806 0.068750 0.054167
0 0.100000 0.532639 0.048437 0.065278
0 0.124219 0.597917 0.046875 0.056944
0 0.050000 0.589583 0.040625 0.048611
0 0.018750 0.173611 0.037500 0.058333
0 0.082422 0.133333 0.060156 0.058333
