0 0.049219 0.338194 0.0001 0.0001
0 0.011328 0.422917 0.0001 0.0001
0 0.079297 0.480556 0.0001 0.0001
0 0.120312 0.416667 0.0001 0.0001
0 0.551953 0.384028 0.0001 0.0001
0 0.615234 0.5875 0.0001 0.0001
0 0.638281 0.513194 0.0001 0.0001
0 0.588672 0.181944 0.0001 0.0001
0 0.709375 0.081944 0.0001 0.0001
0 0.792188 0.1 0.0001 0.0001
0 0.892969 0.313889 0.0001 0.0001
0 0.963281 0.296528 0.0001 0.0001
0 0.920313 0.366667 0.0001 0.0001
0 0.913672 0.4375 0.0001 0.0001
0 0.860156 0.41875 0.0001 0.0001
0 0.114453 0.875 0.0001 0.0001
0 0.172266 0.895139 0.0001 0.0001
0 0.156641 0.801389 0.0001 0.0001
