0 0.042188 0.397917 0.060938 0.045833
0 0.109375 0.106944 0.051562 0.072222
0 0.168359 0.106944 0.052344 0.072222
0 0.134375 0.027083 0.057813 0.048611
0 0.429297 0.317361 0.058594 0.065278
0 0.490234 0.293750 0.061719 0.059722
0 0.533984 0.375694 0.044531 0.054167
0 0.399609 0.609722 0.042969 0.063889
0 0.324219 0.618056 0.071875 0.061111
0 0.275391 0.554861 0.044531 0.054167
0 0.289453 0.474306 0.042969 0.056944
0 0.701563 0.777083 0.043750 0.051389
0 0.729688 0.881250 0.042188 0.051389
0 0.800000 0.930556 0.043750 0.041667
0 0.924609 0.877778 0.044531 0.055556
0 0.853906 0.550000 0.043750 0.055556
0 0.961719 0.495139 0.042188 0.054167
