0 0.635156 0.734028 0.043750 0.059722
0 0.692578 0.581944 0.041406 0.058333
0 0.614453 0.625694 0.042969 0.054167
0 0.559766 0.609028 0.067969 0.056944
0 0.526563 0.524306 0.046875 0.065278
0 0.601953 0.445139 0.052344 0.051389
0 0.657812 0.463889 0.045313 0.058333
0 0.725000 0.409722 0.046875 0.050000
0 0.739844 0.352778 0.042188 0.058333
0 0.829687 0.179861 0.046875 0.056944
0 0.828125 0.107639 0.037500 0.062500
0 0.671875 0.031944 0.028125 0.061111
0 0.312500 0.402083 0.070312 0.051389
0 0.263672 0.484722 0.060156 0.055556
