0 0.300391 0.062500 0.042969 0.044444
0 0.347266 0.083333 0.042969 0.047222
0 0.349609 0.199306 0.077344 0.154167
0 0.457422 0.337500 0.049219 0.058333
0 0.519922 0.181250 0.042969 0.051389
0 0.748047 0.309722 0.041406 0.041667
0 0.711719 0.402083 0.039062 0.045833
0 0.768750 0.460417 0.040625 0.051389
0 0.839844 0.281250 0.037500 0.051389
0 0.023828 0.788889 0.039844 0.052778
0 0.071875 0.807639 0.043750 0.048611
0 0.085156 0.918056 0.050000 0.083333
0 0.234766 0.928472 0.044531 0.045833
0 0.252734 0.974306 0.044531 0.048611
