0 0.108594 0.179861 0.0001 0.0001
0 0.166797 0.166667 0.0001 0.0001
0 0.133594 0.088889 0.0001 0.0001
0 0.041016 0.668056 0.0001 0.0001
0 0.136719 0.713889 0.0001 0.0001
0 0.120703 0.795833 0.0001 0.0001
0 0.043359 0.819444 0.0001 0.0001
0 0.381641 0.725694 0.0001 0.0001
0 0.441406 0.440972 0.0001 0.0001
0 0.469141 0.348611 0.0001 0.0001
0 0.502344 0.435417 0.0001 0.0001
0 0.622266 0.811111 0.0001 0.0001
0 0.607422 0.886111 0.0001 0.0001
0 0.658203 0.949306 0.0001 0.0001
0 0.73125 0.940278 0.0001 0.0001
0 0.764453 0.644444 0.0001 0.0001
0 0.821484 0.625 0.0001 0.0001
0 0.86875 0.706944 0.0001 0.0001
