0 0.723437 0.745833 0.045313 0.052778
0 0.739453 0.690972 0.039844 0.048611
0 0.831641 0.518750 0.041406 0.059722
0 0.830859 0.443750 0.039844 0.070833
0 0.898438 0.264583 0.042188 0.051389
0 0.673047 0.358333 0.030469 0.075000
0 0.601953 0.782639 0.050781 0.054167
0 0.657422 0.797917 0.050781 0.048611
0 0.693359 0.912500 0.044531 0.063889
0 0.612891 0.960417 0.041406 0.059722
0 0.558594 0.946528 0.065625 0.062500
0 0.524219 0.858333 0.050000 0.063889
0 0.310937 0.738889 0.073437 0.055556
0 0.262891 0.820139 0.058594 0.054167
0 0.298828 0.145833 0.057031 0.052778
