0 0.131641 0.542361 0.041406 0.048611
0 0.411719 0.672917 0.225000 0.095833
0 0.529297 0.722222 0.044531 0.063889
0 0.558203 0.649306 0.041406 0.059722
0 0.585156 0.577083 0.034375 0.076389
0 0.609766 0.505556 0.035156 0.063889
0 0.647266 0.479167 0.044531 0.047222
0 0.717969 0.280556 0.043750 0.050000
0 0.775000 0.147222 0.035937 0.047222
0 0.502344 0.418750 0.032812 0.031944
0 0.930859 0.860417 0.033594 0.059722
0 0.965625 0.845139 0.042188 0.048611
0 0.958203 0.786111 0.039844 0.058333
0 0.981250 0.720833 0.034375 0.058333
