0 0.063281 0.642361 0.039062 0.059722
0 0.050781 0.724306 0.042188 0.062500
0 0.369141 0.819444 0.092969 0.058333
0 0.453906 0.797917 0.042188 0.051389
0 0.470703 0.718750 0.039844 0.062500
0 0.374219 0.668056 0.056250 0.041667
0 0.445312 0.178472 0.053125 0.079167
0 0.499219 0.165972 0.046875 0.073611
0 0.466797 0.089583 0.053906 0.062500
0 0.709375 0.726389 0.056250 0.038889
0 0.943359 0.884722 0.039844 0.055556
0 0.976172 0.949306 0.047656 0.062500
0 0.955859 0.815278 0.038281 0.066667
0 0.774609 0.435417 0.047656 0.068056
0 0.835156 0.436806 0.050000 0.062500
0 0.801953 0.352778 0.055469 0.058333
