0 0.244531 0.355556 0.051562 0.041667
0 0.223438 0.495139 0.050000 0.056944
0 0.254297 0.543750 0.052344 0.062500
0 0.365625 0.566667 0.054688 0.061111
0 0.467578 0.824306 0.035156 0.048611
0 0.502344 0.867361 0.032812 0.040278
0 0.524609 0.815972 0.053906 0.054167
0 0.626562 0.875694 0.054688 0.054167
0 0.380469 0.431250 0.043750 0.048611
0 0.399609 0.489583 0.046094 0.056944
0 0.843750 0.340972 0.045313 0.043056
0 0.830859 0.295139 0.042969 0.048611
0 0.918359 0.181944 0.064844 0.050000
0 0.980469 0.396528 0.039062 0.054167
