0 0.918359 0.837500 0.047656 0.052778
0 0.978516 0.696528 0.042969 0.051389
0 0.875781 0.734722 0.043750 0.061111
0 0.358594 0.579861 0.046875 0.056944
0 0.304688 0.736111 0.042188 0.058333
0 0.280078 0.627778 0.039844 0.050000
0 0.226172 0.613194 0.066406 0.059722
0 0.193359 0.528472 0.042969 0.065278
0 0.269922 0.444444 0.052344 0.058333
0 0.325391 0.469444 0.049219 0.055556
0 0.388281 0.417361 0.037500 0.051389
0 0.406641 0.355556 0.039844 0.055556
0 0.498828 0.185417 0.044531 0.048611
0 0.495703 0.111806 0.041406 0.062500
