0 0.898438 0.719444 0.043750 0.058333
0 0.851562 0.662500 0.076563 0.066667
0 0.775000 0.650694 0.042188 0.054167
0 0.512500 0.497917 0.043750 0.056944
0 0.491797 0.447222 0.057031 0.050000
0 0.691797 0.102778 0.053906 0.050000
0 0.673437 0.045139 0.040625 0.054167
0 0.378516 0.645833 0.057031 0.058333
0 0.310937 0.676389 0.048437 0.069444
0 0.148828 0.606250 0.041406 0.051389
0 0.121875 0.554861 0.043750 0.054167
0 0.294141 0.922222 0.046094 0.058333
0 0.153906 0.948611 0.045313 0.047222
0 0.223828 0.984722 0.049219 0.027778
